    "fx": 267.27576115682604,
    "fy": 268.994839886679,
    "cx": 319.6774826609141,
    "cy": 242.53469667264895,
    "k1": 0.43105843663215637,
    "k2": 0.2539370656013489,
    "p1": -0.0007329081752520747,
    "p2": -0.001175920608847873,
    "k3": 0.007408589124679565,
    "k4": 0.6981866955757141,
    "k5": 0.27373966574668884,
    "k6": 0.0491538867354393,
    "rpmax": 2.796564817428589
