    "fx": 268.4783124968366,
    "fy": 269.6439775804931,
    "cx": 314.99732245719696,
    "cy": 241.39023959394734,
    "k1": 0.6374179124832153,
    "k2": 0.5150625109672546,
    "p1": 0.0003016095860915155,
    "p2": -0.0002713042120806921,
    "k3": 0.0004858805623371154,
    "k4": 0.9010159373283386,
    "k5": 0.6022299528121948,
    "k6": 0.06488853693008423,
    "rpmax": 2.7963943481445312
