    "fx": 266.5771028865571,
    "fy": 268.7834704873798,
    "cx": 321.9189126593718,
    "cy": 248.92299793831347,
    "k1": 0.6426297426223755,
    "k2": 0.4093506634235382,
    "p1": 0.00016209394766508294,
    "p2": 0.00018048437608354792,
    "k3": 0.0006180391646921635,
    "k4": 0.9123217463493347,
    "k5": 0.48743072152137756,
    "k6": 0.052912645041942596,
    "rpmax": 2.794250726699829
